1.2300  4.7800
5.2100  7.0900
8.9300  9.5100
9.9700  10.1800
11.4900  11.6700
12.6500  12.7500
13.3600  13.6100
13.8700  14.3900
15.1400  15.3300
15.9200  17.5800
18.4200  20.9300
22.0900  22.2000
22.4500  24.0700
25.3400  26.1600
26.3700  27.6900
28.5000  28.6600
28.9200  29.5000
30.8300  32.2300
33.0600  33.2700
35.2100  35.7400
35.8100  36.1000
36.8400  37.1200
38.0000  39.1000
40.8900  41.1300
41.5900  42.8900
44.1400  44.2800
44.9500  46.7000
47.2100  47.9300
48.0500  50.5100
50.9600  51.2300
53.6700  54.7800
55.0600  56.4400
57.1500  58.6000
59.6300  61.2600
61.4400  62.8200
63.4800  67.4700
68.8900  69.2800
71.8500  72.3700
74.6200  75.7200
76.5600  76.6100
77.5400  77.7900
82.0900  82.7000
84.3400  85.3800
88.9400  89.4800
91.0700  92.2500
93.3400  93.4800
94.2700  94.5200
95.1600  96.6600
97.5900  97.8800
101.9200  103.2700
104.5400  104.6500
104.9200  106.3400
107.3100  108.2000
108.9400  109.7800
112.0000  112.4500
113.2300  115.0000
116.4300  118.7200
121.3000  122.9600
126.7600  127.3200
130.7700  130.8100
133.7400  134.1400
135.5200  135.7800
136.0800  145.2600
145.9000  148.3200
149.8900  165.8100
166.3400  167.2900
167.6700  174.7100
175.3300  175.7600
175.8900  180.1600
181.9600  183.8700
185.4700  192.6800
197.0500  197.7300
198.4000  199.8500
202.4600  204.1900
204.7400  206.3400
207.9400  209.3900
210.0900  212.2100
213.2800  218.6700
219.4700  219.9400
220.3500  228.0100
229.0400  230.3600
231.4100  233.1700
234.0700  239.6600
240.4200  244.5600
246.0400  246.3800
247.4300  251.1500
251.8600  256.0000
257.4800  258.5600
258.9400  269.0600
269.7800  272.9700
274.0000  277.6800
278.7900  279.7600
279.9600  300.0960
